lat: 57.708870
lng: 11.974560
dbusserver: true
